Features mode
ts=10000
-330079.685411
-266646.075429
-226170.570426
-235791.406595
-232847.800477
-233684.362107
-233443.221957
-233512.14951
-233492.462089
-233498.074277
-233496.475994
-233496.930803
-233496.801451
-233496.838226
-233496.827773
-233496.830743
-233496.8299
-233496.830139
-233496.830071
-233496.830091
-233496.830085
-233496.830087
-233496.830086
-233496.830086
-233496.830086
-233496.830086
-233496.830086
-233496.830086
-233496.830086
-233496.830086
-233496.830086
-233496.830086
-233496.830086
-233496.830086
-233496.830086
-233496.830086
-233496.830086
-233496.830086
-233496.830086
-233496.830086
-233496.830086
-233496.830086
-233496.830086
-233496.830086
-233496.830086
-233496.830086
-233496.830086
-233496.830086
-233496.830086
-233496.830086
-233496.830086
-233496.830086
-233496.830086
-233496.830086
-233496.830086
-233496.830086
-233496.830086
-233496.830086
-233496.830086
-233496.830086
-233496.830086
-233496.830086
-233496.830086
-233496.830086
-233496.830086
-233496.830086
-233496.830086
-233496.830086
-233496.830086
-233496.830086
-233496.830086
-233496.830086
-233496.830086
-233496.830086
-233496.830086
-233496.830086
-233496.830086
-233496.830086
-233496.830086
-233496.830086
-233496.830086
-233496.830086
-233496.830086
-233496.830086
-233496.830086
-233496.830086
-233496.830086
-233496.830086
-233496.830086
-233496.830086
-233496.830086
-233496.830086
-233496.830086
-233496.830086
-233496.830086
-233496.830086
-233496.830086
-233496.830086
-233496.830086
-233496.830086
-233496.830086
-233496.830086
-233496.830086
-233496.830086
-233496.830086
-233496.830086
-233496.830086
-233496.830086
-233496.830086
-233496.830086
-233496.830086
-233496.830086
-233496.830086
-233496.830086
-233496.830086
-233496.830086
